{
 "cells": [
  {
   "cell_type": "markdown",
   "metadata": {},
   "source": [
    "# Solving the Traveling Salesman Problem (TSP)"
   ]
  },
  {
   "cell_type": "markdown",
   "metadata": {},
   "source": [
    "### Models and Methods of Operations Research - Arnau Pérez Reverte, 21/01/2025"
   ]
  },
  {
   "cell_type": "markdown",
   "metadata": {},
   "source": [
    "### 1. TSP Data"
   ]
  },
  {
   "cell_type": "code",
   "execution_count": 1,
   "metadata": {},
   "outputs": [],
   "source": [
    "import pandas as pd\n",
    "import numpy as np\n",
    "\n",
    "from data.generate_dataset import generate_dataset\n",
    "\n",
    "distance_matrix_df: pd.DataFrame  = generate_dataset(\"data/instances/coordinates.csv\")\n",
    "distance_matrix: np.ndarray = distance_matrix_df.to_numpy()"
   ]
  },
  {
   "cell_type": "code",
   "execution_count": 2,
   "metadata": {},
   "outputs": [
    {
     "data": {
      "text/html": [
       "<div>\n",
       "<style scoped>\n",
       "    .dataframe tbody tr th:only-of-type {\n",
       "        vertical-align: middle;\n",
       "    }\n",
       "\n",
       "    .dataframe tbody tr th {\n",
       "        vertical-align: top;\n",
       "    }\n",
       "\n",
       "    .dataframe thead th {\n",
       "        text-align: right;\n",
       "    }\n",
       "</style>\n",
       "<table border=\"1\" class=\"dataframe\">\n",
       "  <thead>\n",
       "    <tr style=\"text-align: right;\">\n",
       "      <th></th>\n",
       "      <th>1</th>\n",
       "      <th>2</th>\n",
       "      <th>3</th>\n",
       "      <th>4</th>\n",
       "      <th>5</th>\n",
       "      <th>6</th>\n",
       "      <th>7</th>\n",
       "      <th>8</th>\n",
       "      <th>9</th>\n",
       "      <th>10</th>\n",
       "      <th>11</th>\n",
       "      <th>12</th>\n",
       "      <th>13</th>\n",
       "      <th>14</th>\n",
       "      <th>15</th>\n",
       "    </tr>\n",
       "  </thead>\n",
       "  <tbody>\n",
       "    <tr>\n",
       "      <th>1</th>\n",
       "      <td>0.000000</td>\n",
       "      <td>12.869610</td>\n",
       "      <td>14.309814</td>\n",
       "      <td>9.997724</td>\n",
       "      <td>16.917242</td>\n",
       "      <td>17.190810</td>\n",
       "      <td>9.969501</td>\n",
       "      <td>4.268130</td>\n",
       "      <td>16.918281</td>\n",
       "      <td>18.582278</td>\n",
       "      <td>14.734650</td>\n",
       "      <td>17.210717</td>\n",
       "      <td>12.220093</td>\n",
       "      <td>20.878174</td>\n",
       "      <td>10.215115</td>\n",
       "    </tr>\n",
       "    <tr>\n",
       "      <th>2</th>\n",
       "      <td>12.869610</td>\n",
       "      <td>0.000000</td>\n",
       "      <td>5.134082</td>\n",
       "      <td>15.850283</td>\n",
       "      <td>5.158621</td>\n",
       "      <td>5.804867</td>\n",
       "      <td>7.101526</td>\n",
       "      <td>11.044758</td>\n",
       "      <td>5.560231</td>\n",
       "      <td>7.981141</td>\n",
       "      <td>3.607554</td>\n",
       "      <td>5.659775</td>\n",
       "      <td>15.932643</td>\n",
       "      <td>8.435521</td>\n",
       "      <td>2.830811</td>\n",
       "    </tr>\n",
       "    <tr>\n",
       "      <th>3</th>\n",
       "      <td>14.309814</td>\n",
       "      <td>5.134082</td>\n",
       "      <td>0.000000</td>\n",
       "      <td>13.704151</td>\n",
       "      <td>3.477163</td>\n",
       "      <td>3.309009</td>\n",
       "      <td>5.042039</td>\n",
       "      <td>11.076765</td>\n",
       "      <td>3.087034</td>\n",
       "      <td>4.272703</td>\n",
       "      <td>2.081370</td>\n",
       "      <td>3.462571</td>\n",
       "      <td>12.966294</td>\n",
       "      <td>7.446690</td>\n",
       "      <td>6.781800</td>\n",
       "    </tr>\n",
       "    <tr>\n",
       "      <th>4</th>\n",
       "      <td>9.997724</td>\n",
       "      <td>15.850283</td>\n",
       "      <td>13.704151</td>\n",
       "      <td>0.000000</td>\n",
       "      <td>17.174250</td>\n",
       "      <td>16.979050</td>\n",
       "      <td>8.994856</td>\n",
       "      <td>6.713621</td>\n",
       "      <td>16.776210</td>\n",
       "      <td>17.157052</td>\n",
       "      <td>15.345909</td>\n",
       "      <td>17.156021</td>\n",
       "      <td>2.705639</td>\n",
       "      <td>21.112077</td>\n",
       "      <td>14.506233</td>\n",
       "    </tr>\n",
       "    <tr>\n",
       "      <th>5</th>\n",
       "      <td>16.917242</td>\n",
       "      <td>5.158621</td>\n",
       "      <td>3.477163</td>\n",
       "      <td>17.174250</td>\n",
       "      <td>0.000000</td>\n",
       "      <td>0.801200</td>\n",
       "      <td>8.383265</td>\n",
       "      <td>14.117138</td>\n",
       "      <td>0.707631</td>\n",
       "      <td>3.064319</td>\n",
       "      <td>2.185846</td>\n",
       "      <td>0.552670</td>\n",
       "      <td>16.422320</td>\n",
       "      <td>4.095203</td>\n",
       "      <td>7.788449</td>\n",
       "    </tr>\n",
       "    <tr>\n",
       "      <th>6</th>\n",
       "      <td>17.190810</td>\n",
       "      <td>5.804867</td>\n",
       "      <td>3.309009</td>\n",
       "      <td>16.979050</td>\n",
       "      <td>0.801200</td>\n",
       "      <td>0.000000</td>\n",
       "      <td>8.333500</td>\n",
       "      <td>14.233293</td>\n",
       "      <td>0.275413</td>\n",
       "      <td>2.279410</td>\n",
       "      <td>2.524321</td>\n",
       "      <td>0.288200</td>\n",
       "      <td>16.109470</td>\n",
       "      <td>4.140979</td>\n",
       "      <td>8.343210</td>\n",
       "    </tr>\n",
       "    <tr>\n",
       "      <th>7</th>\n",
       "      <td>9.969501</td>\n",
       "      <td>7.101526</td>\n",
       "      <td>5.042039</td>\n",
       "      <td>8.994856</td>\n",
       "      <td>8.383265</td>\n",
       "      <td>8.333500</td>\n",
       "      <td>0.000000</td>\n",
       "      <td>6.242675</td>\n",
       "      <td>8.096833</td>\n",
       "      <td>9.107688</td>\n",
       "      <td>6.410533</td>\n",
       "      <td>8.461671</td>\n",
       "      <td>8.835749</td>\n",
       "      <td>12.447406</td>\n",
       "      <td>6.603899</td>\n",
       "    </tr>\n",
       "    <tr>\n",
       "      <th>8</th>\n",
       "      <td>4.268130</td>\n",
       "      <td>11.044758</td>\n",
       "      <td>11.076765</td>\n",
       "      <td>6.713621</td>\n",
       "      <td>14.117138</td>\n",
       "      <td>14.233293</td>\n",
       "      <td>6.242675</td>\n",
       "      <td>0.000000</td>\n",
       "      <td>13.974017</td>\n",
       "      <td>15.281750</td>\n",
       "      <td>11.963422</td>\n",
       "      <td>14.309490</td>\n",
       "      <td>8.460057</td>\n",
       "      <td>18.202911</td>\n",
       "      <td>8.934364</td>\n",
       "    </tr>\n",
       "    <tr>\n",
       "      <th>9</th>\n",
       "      <td>16.918281</td>\n",
       "      <td>5.560231</td>\n",
       "      <td>3.087034</td>\n",
       "      <td>16.776210</td>\n",
       "      <td>0.707631</td>\n",
       "      <td>0.275413</td>\n",
       "      <td>8.096833</td>\n",
       "      <td>13.974017</td>\n",
       "      <td>0.000000</td>\n",
       "      <td>2.475135</td>\n",
       "      <td>2.249701</td>\n",
       "      <td>0.381791</td>\n",
       "      <td>15.938099</td>\n",
       "      <td>4.360485</td>\n",
       "      <td>8.079354</td>\n",
       "    </tr>\n",
       "    <tr>\n",
       "      <th>10</th>\n",
       "      <td>18.582278</td>\n",
       "      <td>7.981141</td>\n",
       "      <td>4.272703</td>\n",
       "      <td>17.157052</td>\n",
       "      <td>3.064319</td>\n",
       "      <td>2.279410</td>\n",
       "      <td>9.107688</td>\n",
       "      <td>15.281750</td>\n",
       "      <td>2.475135</td>\n",
       "      <td>0.000000</td>\n",
       "      <td>4.470486</td>\n",
       "      <td>2.512359</td>\n",
       "      <td>15.943463</td>\n",
       "      <td>4.563483</td>\n",
       "      <td>10.368457</td>\n",
       "    </tr>\n",
       "    <tr>\n",
       "      <th>11</th>\n",
       "      <td>14.734650</td>\n",
       "      <td>3.607554</td>\n",
       "      <td>2.081370</td>\n",
       "      <td>15.345909</td>\n",
       "      <td>2.185846</td>\n",
       "      <td>2.524321</td>\n",
       "      <td>6.410533</td>\n",
       "      <td>11.963422</td>\n",
       "      <td>2.249701</td>\n",
       "      <td>4.470486</td>\n",
       "      <td>0.000000</td>\n",
       "      <td>2.496254</td>\n",
       "      <td>14.816123</td>\n",
       "      <td>6.241759</td>\n",
       "      <td>5.901111</td>\n",
       "    </tr>\n",
       "    <tr>\n",
       "      <th>12</th>\n",
       "      <td>17.210717</td>\n",
       "      <td>5.659775</td>\n",
       "      <td>3.462571</td>\n",
       "      <td>17.156021</td>\n",
       "      <td>0.552670</td>\n",
       "      <td>0.288200</td>\n",
       "      <td>8.461671</td>\n",
       "      <td>14.309490</td>\n",
       "      <td>0.381791</td>\n",
       "      <td>2.512359</td>\n",
       "      <td>2.496254</td>\n",
       "      <td>0.000000</td>\n",
       "      <td>16.319338</td>\n",
       "      <td>3.988982</td>\n",
       "      <td>8.243683</td>\n",
       "    </tr>\n",
       "    <tr>\n",
       "      <th>13</th>\n",
       "      <td>12.220093</td>\n",
       "      <td>15.932643</td>\n",
       "      <td>12.966294</td>\n",
       "      <td>2.705639</td>\n",
       "      <td>16.422320</td>\n",
       "      <td>16.109470</td>\n",
       "      <td>8.835749</td>\n",
       "      <td>8.460057</td>\n",
       "      <td>15.938099</td>\n",
       "      <td>15.943463</td>\n",
       "      <td>14.816123</td>\n",
       "      <td>16.319338</td>\n",
       "      <td>0.000000</td>\n",
       "      <td>20.167838</td>\n",
       "      <td>15.044591</td>\n",
       "    </tr>\n",
       "    <tr>\n",
       "      <th>14</th>\n",
       "      <td>20.878174</td>\n",
       "      <td>8.435521</td>\n",
       "      <td>7.446690</td>\n",
       "      <td>21.112077</td>\n",
       "      <td>4.095203</td>\n",
       "      <td>4.140979</td>\n",
       "      <td>12.447406</td>\n",
       "      <td>18.202911</td>\n",
       "      <td>4.360485</td>\n",
       "      <td>4.563483</td>\n",
       "      <td>6.241759</td>\n",
       "      <td>3.988982</td>\n",
       "      <td>20.167838</td>\n",
       "      <td>0.000000</td>\n",
       "      <td>11.256608</td>\n",
       "    </tr>\n",
       "    <tr>\n",
       "      <th>15</th>\n",
       "      <td>10.215115</td>\n",
       "      <td>2.830811</td>\n",
       "      <td>6.781800</td>\n",
       "      <td>14.506233</td>\n",
       "      <td>7.788449</td>\n",
       "      <td>8.343210</td>\n",
       "      <td>6.603899</td>\n",
       "      <td>8.934364</td>\n",
       "      <td>8.079354</td>\n",
       "      <td>10.368457</td>\n",
       "      <td>5.901111</td>\n",
       "      <td>8.243683</td>\n",
       "      <td>15.044591</td>\n",
       "      <td>11.256608</td>\n",
       "      <td>0.000000</td>\n",
       "    </tr>\n",
       "  </tbody>\n",
       "</table>\n",
       "</div>"
      ],
      "text/plain": [
       "           1          2          3          4          5          6   \\\n",
       "1    0.000000  12.869610  14.309814   9.997724  16.917242  17.190810   \n",
       "2   12.869610   0.000000   5.134082  15.850283   5.158621   5.804867   \n",
       "3   14.309814   5.134082   0.000000  13.704151   3.477163   3.309009   \n",
       "4    9.997724  15.850283  13.704151   0.000000  17.174250  16.979050   \n",
       "5   16.917242   5.158621   3.477163  17.174250   0.000000   0.801200   \n",
       "6   17.190810   5.804867   3.309009  16.979050   0.801200   0.000000   \n",
       "7    9.969501   7.101526   5.042039   8.994856   8.383265   8.333500   \n",
       "8    4.268130  11.044758  11.076765   6.713621  14.117138  14.233293   \n",
       "9   16.918281   5.560231   3.087034  16.776210   0.707631   0.275413   \n",
       "10  18.582278   7.981141   4.272703  17.157052   3.064319   2.279410   \n",
       "11  14.734650   3.607554   2.081370  15.345909   2.185846   2.524321   \n",
       "12  17.210717   5.659775   3.462571  17.156021   0.552670   0.288200   \n",
       "13  12.220093  15.932643  12.966294   2.705639  16.422320  16.109470   \n",
       "14  20.878174   8.435521   7.446690  21.112077   4.095203   4.140979   \n",
       "15  10.215115   2.830811   6.781800  14.506233   7.788449   8.343210   \n",
       "\n",
       "           7          8          9          10         11         12  \\\n",
       "1    9.969501   4.268130  16.918281  18.582278  14.734650  17.210717   \n",
       "2    7.101526  11.044758   5.560231   7.981141   3.607554   5.659775   \n",
       "3    5.042039  11.076765   3.087034   4.272703   2.081370   3.462571   \n",
       "4    8.994856   6.713621  16.776210  17.157052  15.345909  17.156021   \n",
       "5    8.383265  14.117138   0.707631   3.064319   2.185846   0.552670   \n",
       "6    8.333500  14.233293   0.275413   2.279410   2.524321   0.288200   \n",
       "7    0.000000   6.242675   8.096833   9.107688   6.410533   8.461671   \n",
       "8    6.242675   0.000000  13.974017  15.281750  11.963422  14.309490   \n",
       "9    8.096833  13.974017   0.000000   2.475135   2.249701   0.381791   \n",
       "10   9.107688  15.281750   2.475135   0.000000   4.470486   2.512359   \n",
       "11   6.410533  11.963422   2.249701   4.470486   0.000000   2.496254   \n",
       "12   8.461671  14.309490   0.381791   2.512359   2.496254   0.000000   \n",
       "13   8.835749   8.460057  15.938099  15.943463  14.816123  16.319338   \n",
       "14  12.447406  18.202911   4.360485   4.563483   6.241759   3.988982   \n",
       "15   6.603899   8.934364   8.079354  10.368457   5.901111   8.243683   \n",
       "\n",
       "           13         14         15  \n",
       "1   12.220093  20.878174  10.215115  \n",
       "2   15.932643   8.435521   2.830811  \n",
       "3   12.966294   7.446690   6.781800  \n",
       "4    2.705639  21.112077  14.506233  \n",
       "5   16.422320   4.095203   7.788449  \n",
       "6   16.109470   4.140979   8.343210  \n",
       "7    8.835749  12.447406   6.603899  \n",
       "8    8.460057  18.202911   8.934364  \n",
       "9   15.938099   4.360485   8.079354  \n",
       "10  15.943463   4.563483  10.368457  \n",
       "11  14.816123   6.241759   5.901111  \n",
       "12  16.319338   3.988982   8.243683  \n",
       "13   0.000000  20.167838  15.044591  \n",
       "14  20.167838   0.000000  11.256608  \n",
       "15  15.044591  11.256608   0.000000  "
      ]
     },
     "execution_count": 2,
     "metadata": {},
     "output_type": "execute_result"
    }
   ],
   "source": [
    "distance_matrix_df"
   ]
  },
  {
   "cell_type": "markdown",
   "metadata": {},
   "source": [
    "### 2. Obtaining an upper bound"
   ]
  },
  {
   "cell_type": "code",
   "execution_count": 3,
   "metadata": {},
   "outputs": [],
   "source": [
    "from heuristics.christofides import christofides\n",
    "\n",
    "initial_tour = christofides(distance_matrix=distance_matrix)"
   ]
  },
  {
   "cell_type": "code",
   "execution_count": 4,
   "metadata": {},
   "outputs": [
    {
     "name": "stdout",
     "output_type": "stream",
     "text": [
      "----- CHRISTOFIDES APPROXIMATION -----\n",
      "Tour: [0, 7, 3, 12, 6, 2, 10, 4, 11, 13, 9, 5, 8, 1, 14, 0]\n",
      "Tour length: 62.09850836329254\n"
     ]
    }
   ],
   "source": [
    "from heuristics.two_opt import calculate_tour_length\n",
    "\n",
    "print(\"----- CHRISTOFIDES APPROXIMATION -----\")\n",
    "print(f\"Tour: {initial_tour}\")\n",
    "print(f\"Tour length: {calculate_tour_length(initial_tour, distance_matrix)}\")"
   ]
  },
  {
   "cell_type": "code",
   "execution_count": 5,
   "metadata": {},
   "outputs": [],
   "source": [
    "from heuristics.two_opt import two_opt\n",
    "\n",
    "improved_tour, improved_length = two_opt(initial_tour, distance_matrix)"
   ]
  },
  {
   "cell_type": "code",
   "execution_count": 10,
   "metadata": {},
   "outputs": [
    {
     "name": "stdout",
     "output_type": "stream",
     "text": [
      "----- 2-OPT IMPROVEMENT -----\n",
      "Initial tour: [0, 7, 3, 12, 6, 2, 10, 4, 11, 13, 9, 5, 8, 1, 14, 0]\n",
      "2-Opt improved tour: [0, 7, 3, 12, 6, 2, 8, 5, 9, 13, 11, 4, 10, 1, 14, 0]\n",
      "2-Opt improved tour length: 61.151494570467484\n",
      "\n",
      "Improvement: 1.5250185838358226 %\n"
     ]
    }
   ],
   "source": [
    "print(\"----- 2-OPT IMPROVEMENT -----\")\n",
    "print(f\"Initial tour: {initial_tour}\")\n",
    "print(f\"2-Opt improved tour: {improved_tour}\")\n",
    "print(f\"2-Opt improved tour length: {improved_length}\")\n",
    "print(\n",
    "    f\"\\nImprovement: {(calculate_tour_length(initial_tour, distance_matrix) - improved_length)/calculate_tour_length(initial_tour, distance_matrix)*100} %\"\n",
    ")"
   ]
  }
 ],
 "metadata": {
  "kernelspec": {
   "display_name": ".venv",
   "language": "python",
   "name": "python3"
  },
  "language_info": {
   "codemirror_mode": {
    "name": "ipython",
    "version": 3
   },
   "file_extension": ".py",
   "mimetype": "text/x-python",
   "name": "python",
   "nbconvert_exporter": "python",
   "pygments_lexer": "ipython3",
   "version": "3.12.3"
  }
 },
 "nbformat": 4,
 "nbformat_minor": 2
}
